$ANSIBLE_VAULT;1.1;AES256
64643464396666323334653765343462323532393137656165643738323532396137613565646634
3766386463393466323763616661343433386632646439660a303439383935323761326365383166
30383735323136376335613333623038656236396261326639353761376264333532386537613232
6439636231666238610a356239656363336632646166393335623431383336663431633561643461
63636332393238336332616566336361343532326166343764643861326538313162393262613931
34356337613363653433386437663264633265343566353766353331323836376130326635666336
65353233306132343739353638616263366664333062646465666637633862393064616638613563
30323234303935393031666462393962343638623965656666356661323039306536633530353339
34316466303839303635366661666366343665373061373637623730643963386262623537336634
33383962356438643435383434373062356234643534343534633765336363623237613635303063
64303433356134313964653065623834613434356632646361393362626261336530356265376261
31656534396266396530303737616465306332393062353835313763626464623139336566636437
35623231623161336462393431663064313165643430333134613039396661366235386137396365
39383230663531616538373863363739363464386530626332373664336539646333326332303038
39366435353138666532646665646137353264653065346239313462373363306431653035346561
31643133333761663033623430626161383664633832653138346266303633623630643830313135
31396532636661376163326363326336353337303530316633376365316133333132356364376233
62373466396538363961636166303632363739656534616566646466616464323863333734336163
31333735656239353866616536356639356661653634663561373833393438316431643036633362
62366462323836363432303738653530646630313761616131633934373833393435303061333637
63376438613463306665343963313665613965306561313139313434356335323663366530333335
66306539666439346535633334646530643362393430303161663333613137656537663532313031
39333662623061353034626337316137353263636230303537666137636565336163313637623862
30663231353235666330336337356363616131326437353462393834323335663734393831663738
39343866633135393237653266373436653264326464343938343764393139663365
