$ANSIBLE_VAULT;1.1;AES256
32313037653161373166316337363632633666393834366334303538656535616663323761313330
3831356231626331396538303439643636393634373336320a363361633662356566616430356434
31333636643933373362343632396536326662393862313863643432383466666338306161663432
3231656530326336330a396664393764356238636331303937346266363164393435646136633534
38323035623331356164386331373566353035353963383836636532346236356662356637623630
36343337373037363536616536343461336364373438316461613261653562663837393535666636
35663861313861373964303436613665376331343161323463313933393037643932313764663533
34313365376239633761646235646265653736363932363766313436363266346534343363373139
31326264386632663830633939363437366130376562376136346335306435663435633430666138
33336139373436646136323961393165373230343931626638323938363763643335636530303032
37663630663864303065333231363737656235323463343737303137623861373964323533323364
61613439653935323338663764326336323138666231653965306433353133316133623639336231
62326130363332663163363433656664363061313539376439333134353031306232633631336433
37343139363364656662393838333038636566643439393731643338346464653937323131613363
30633330633764633830326264653034393831396465613232623837346164383533366532663136
66316635383833366664383663626631393963303031323034613234343539633238633463663765
64313533636537623734363334393031353934376361613530333963396130366562633536363266
38643237633532656139393965316165313065653833303030616431333334646633383437326234
39363333373961336139336666396361336539643037373263653234376334653161323231343337
30626637393662323162663066366234653236383435306234653736333738373931633736333230
63643330623364363662303939383439376265613231653035323738346630616233353237636531
32386638343662336264393435363635346233326237613462623737366262376165356535323064
62663163633236386239626435653732643063643737643963313133396465386332613164323439
32383936303236343731313165376365343261316533643733346635643636303337373861393638
62613938333166353436303832643136613433323962613733323632666137313662633566303163
38393636396465316237303464356662623263393863373463613763363661613035623930303065
37653938346437336236343730663537343835346362623865316537303633613231343362306138
66613763633136623331326561663566353264393933303364623138373133636564636333643835
34393933346234336231346466316437333066623937646134333034653735346538613835346632
34616333303035633137613338333238663733303663623238653537626333656631313831326263
62333835363834373039643133316364616232623236303063346539306536346334383634303331
65623361373861643830383233663466333361353162663065396264363766383463303931646131
33306636613362663438313163663762366164643731633038363565613338383031393834346133
38363662363265343564383632306633623965333039663539666331303631653363663339383362
65373630393331386533313637383261636335356466646162353966623037363836306439616463
39343362363764396435666365626532626263393431653133623336386632616366663166376435
63656235386561636339323762306365613762323138376435373131313230313838646430393738
65313036353633316632653935613063396464373435643266623364336435626634306161646639
61646662313530613562633233376638323031363061323063396563316164313165616539316439
31323261366563323336383234666335303938343633623830643565356438396164333439663339
36393234616539343937393863386261336562363636623831326162353631643864633966363437
37616235356632613534613438393238366430663030396138316338343766626630336236396132
62663662366638356637666431373130396564623736386162656239323131303430396335393132
62346466393666663734336434386332623735353833373966663935313030366339333334663862
63383438626362326331393737366131383964666136376631643438613935313161326438636366
61633635316534336339646165653963636333353932346662653563653132333161326266396662
38656464393465653264393262393062666663633538663733393536363133633761396530316564
38313537646431636563383566653038383138346533303433333664323631643333323363646533
62636366333266613764373064633431316139306633613732663831383434623831353233633463
31333937636239373432616232623831343732326530626330313034653738303161383065363166
65323935373337343034666364623430383938333862383034653765643135633930623965343534
37616437633233303065383930373266666466356431626337373361336337623764356664613862
39626532663466633035333861303138616536636663363737343561393963613164663036313935
30356236663131393736376230366338383466613838643933636162316533353830323365346662
36363031633565363536346264356137653462613264623631636364616165363964386466633434
66363330643836396466393933356335356635363066366331386265653064323834643464303735
64653734373839353866313865396139633538333938376161623935383935353132633238663631
37663333396461666338323533313763323062353161646162626639383864646430663565646633
37663631366631303033666261616264633033633735663938626630353935613930323030303362
66653031623465663134633365373866613438663161376165366237656137666339383730383063
63343233366263663738646333633638613432663439643531643235386133643163383834363539
30663837333662643534373838393737303633383233656639616266386231323838653262333630
36623731316664346433636138393866343263353962363265656432376262386639356233303637
32646430313462663265343437663530326330333633303632376566666136383136623730643166
66663061643538616137653134373037626131323864336430633639653138613662326237353530
36316632363837373036366639633031366665623562373336656564643038613165303035326430
63656435363431633264306633356236616465306362343035646435386665346263383137623639
34303132373735326233396132346632626666663930326363316231313063336431643963383538
39633930373763623536383065373063636439363539643438333838386163376566666461663339
66613134393731616633333338393061313461373030363261303366366466373861613932343236
39303635393439373930373761663337653534623936323835383032363031323434363335303532
31623435316466613539373236323834373632333135613165636331393831326430323462396462
38333434616633613164303362376166653434666134646366353038663536363463623265393832
63373366353965626533333337623433396265646136613139626466316539666332313737363662
65653237613734643630313737316231363836663131616632623463383437306131613732656566
61396262336539373137383637316561336161313361623831623634636264653233333333363664
65636530363830343738333539613735343461353331343266383437646466373537313434313962
33393262643563363232323938306334643838363165323137306462323535633431356536386639
38303433383864303437346134656338333537373630366437343630623761656161653530363238
63306164623166333365303031333135626162356465383534663931626664386232376565383932
32366566393366623466363138643062343333616663656237353834346632323062656264373961
32383438623665373635306436396337653336363434326161653635626638653362343861386132
63653961633264636439373634316139633263663261633136363535373034626438313632356138
30663031653233383165343132306131643863323366363031343334333835666565303439623933
39646466663933353064643464643532633633663162373237663961643532366162343261346266
31396264386436363037336439383162316563316634353764373334313639336361393564363537
36666133336163643233343633373634373839353763316237366538393433353835376134323932
65613433356361303435633835336265643539306437643132323563396233633361333431393732
37643364333739313861656430396231393932616163336263356463646538376365363663326334
32323331623063396639326434373763656631666130663966343838646632353331393765303232
62663632363461396261353438633766626536346362663030376530366636616163353564623762
38653661333830356263393439313435373865393435376562626266653631616363366665393134
32333435616133343937376564646564333761663233343734396139353865343064306137616233
31653530633834326435633866343834663536323463653831396138303034366333666161643930
36333064386238346131653431373730333263343061343862643931643464626562396136653930
37313836653534623263616536643130326437323035303862353963656563393364396639336338
33633964343238386462633161656530366435613139666538393639623531353664373066343730
65336535616337633733336561626135386163633631326363313436656437633138613061353465
37393931653764343233346565323635313839376236313636313432313232613637326537666138
64643233303034663233646133626462366565356539323662303339343830626565386331316461
34333863313832353830316330323233336263346436393935656535623335613430383733383538
37386137333232653937356665323730636135336565356435623636313336303530613434386264
37666330313963653730343165616662376535333536623637386261616238323434666239313761
64366463313537626434346334636334346332303865376139616431343464643431636635393837
34646261613538633562633966333066353532616662663264376233376434383338376139306461
65373462313738356366633834636533396635613438343833616664333362626266616239306231
38303735303462313463326261316232656665663534353762326535666432613065633535333938
63373063666134343761333461346339323731396633666165323065393530376561336232323961
63656538376130366130346266666331306634376433643134633063666664373362336461383062
64653336383939336165636437316536306235323262653364316337356134313935653136656336
34336238373833616537363065643533663665643234393034653064666334666263316532633131
65613836333331643134316239623765663332646564356134363534343930663135386466326164
30306333666631393161656232323537653938336335623930353831343831383837306334656564
33346264656632613139663564323761343637323530316265626130336465396236376536313433
32613534613163343637396162373562306266613038393032613932663739356632373132636635
36663662373339363331313364393061663964336162666461306539393663303162333832386630
62623762623361383739356635346438623061323361376365616534653936336466373337323735
39373461646234653636336635346161373933323034396432383432346463303733646431653531
39343135363935646661323764336439343935303733623932333738656636663030613163336135
39613335616666303963633137383232363461336430613564363461396364383963663661653164
33393339383363376333326631306632666261323437313361346132373138386332353831393364
33333633643637333636656139333535393139636338303732343530653236316362313162383039
38373361333163666233326362666239376666366331656531613561383362656335333238653065
37323332306463663539326361383937626561663163373638393530383333346333363464616162
61353335613835366565646361363338303162323833353838383763313666353038356430633531
34366563353139333530663635366162323161393533356136383963343839353636663630346437
38366661306536373330356538663866393061376461383166333135633135366634303430393665
66373866336637623233636363303161386230643834626138386534653932363532393735323938
66373035353431633461356531393461396532623430666439646266346364356666316562643865
39333537346361633664626263636336346162646165663739613830613834346638373531316631
35353535313633656366396639663432616635643538623937366139623263363265376331343230
30666538396564613831363162393139376337376263303966326136616330633835643761396263
64643464336364616337376462383639313830393536386532313461383861646136326166656431
63356365373864356631653661353333366637343561666230313235623733373262383737663163
31646562353538333131323162323037356433396532623936333665383830396130646666336132
30313764643636666332
